NAME,WAR,AB,H,HR,BA,R,RBI,SB,OBP,SLG,OPS,OPS+
Ty_Cobb,11440,4189,117,.366,2245,1944,897,.433,.512,.944,168
Babe_Ruth,8399,2873,714,.342,2174,2214,123,.474,.690,1.164,206
Lou_Gehrig,8001,2721,493,.340,1888,1995,102,.447,.632,1.080,179
Tony_Gwynn,9288,3141,135,.338,1383,1138,319,.388,.459,.847,132
Al_Simmons,8759,2927,307,.334,1507,1828,88,.380,.535,.915,133
Eddie_Collins,9949,3315,47,.333,1821,1299,741,.424,.429,.853,141
Stan_Musial,10972,3630,475,.331,1949,1951,78,.417,.559,.976,159
Wade_Boggs,9180,3010,118,.328,1513,1014,24,.415,.443,.858,131
Joe_DiMaggio,6821,2214,361,.325,1390,1537,30,.398,.579,.977,155
